version https://git-lfs.github.com/spec/v1
oid sha256:bfd080bf8e9823757f24857fe2394e6d04cb4f8b3c1661fc5f1e404d22da9861
size 6017
